0 0
1 0
2 0
3 0
4 0
5 2
6 5
7 10
8 30
9 507
10 1664
11 2240
12 3050
13 3994
14 4632
15 5439
16 5708
17 5917
18 6302
19 6404
20 7044
21 6322
22 6485
23 6477
24 6239
25 5946
26 6125
27 5491
28 5240
29 4945
30 4772
31 5097
32 4357
33 4078
34 3821
35 3484
36 3477
37 3178
38 3008
39 2819
40 2623
41 2726
42 2187
43 2063
44 1965
45 1797
46 1740
47 1530
48 1440
49 1385
50 1240
51 1100
52 1192
53 1007
54 865
55 776
56 785
57 761
58 677
59 616
60 576
61 556
62 567
63 446
64 399
65 378
66 316
67 318
68 289
69 264
70 241
71 208
72 230
73 194
74 176
75 174
76 129
77 134
78 132
79 124
80 99
81 83
82 89
83 86
84 77
85 72
86 67
87 60
88 51
89 61
90 41
91 30
92 39
93 35
94 30
95 36
96 27
97 28
98 17
99 22
100 25
101 12
102 11
103 13
104 8
105 14
106 9
107 8
108 12
109 12
110 8
111 6
112 4
113 6
114 7
115 7
116 6
117 6
118 3
119 3
120 3
121 2
122 5
123 1
124 1
125 3
126 0
127 1
128 3
129 3
130 1
131 1
132 3
133 3
134 2
135 0
136 2
137 1
138 0
139 0
140 2
141 0
142 0
143 1
144 0
145 1
146 1
147 0
148 1
149 1
150 0
151 1
152 0
153 0
154 0
155 0
156 0
157 0
158 1
159 0
160 1
